591 428 528 430
372 399 389 401
172 630 198 626
520 746 527 749
518 92 507 90
139 472 171 472
308 191 328 194
220 369 248 370
709 77 712 78
320 360 343 362
---------------
382 200 416 199
389 212 421 212
424 240 452 239
553 230 581 229
243 189 277 189
384 266 410 265
166 264 195 263
92  302 117 301
94  326 115 325
336 332 361 330
---------------
180 194 172 192
202 156 197 156
184 203 192 204
141 264 135 162
297 69  263 69
278 73  243 72
320 162 288 162
352 114 387 114
387 59  355 60
423 41  387 41
---------------
263 417 302 431
279 343 316 345
270 178 297 164
255 144 277 128
40  254 28  262
260 680 309 763
386 727 280 671
295 677 411 735
307 368 351 376
109 171 108 163
---------------
430 469 506 463
912 1091 984 1092
1219 325 1144 322
963 543 1015 545
510 198 585 202
1050 1245 1150 1247
316 512 390 562
1092 459 1167 461
820 134 895 138
1138 835 1212 836